업체명,"노선
번호",유형,기점,종점,"인가
대수","운행
대수","예비
대수",방학감축,"인가
거리","운행
시간","총운행
횟수",최소,최대,"첫차
시간","막차
시간"
북부운수,1,순환,남산예장버스환승주차장,남산예장버스환승주차장,12,10,2,0,16,60,120,7,10,0630,2300
한성여객,100,간선,하계동,용산구청,30,27,2,1,57.09,231,112,8,12,0400,2230
동아운수,101,간선,우이동,서소문,23,20,1,2,37.81,170,110,6,11,0400,2300
한성운수,101,간선,우이동,서소문,9,7,1,1,37.81,165,41,6,12,0400,2300
삼화상운,102,간선,상계주공7단지,동대문,2,2,0,0,30.2,126,14,8,12,0400,2310
흥안운수,102,간선,상계주공7단지,동대문,18,17,1,1,30.2,126,120,8,12,0400,2310
삼화상운,103,간선,삼화상운,서울역,24,22,1,1,30.42,135,140,6,12,0430,2300
선일교통,104,간선,강북청소년수련관,서울역버스환승센터,24,22,1,1,30.5,140,154,5,9,0405,2315
흥안운수,105,간선,상계주공7단지,서울역,20,18,1,1,38.77,145,104,8,14,0400,2240
대원여객,106,간선,의정부,종로5가,19,17,1,1,45.2,180,90,12,15,0400,2300
대원여객,107,간선,민락동차고지,동대문,25,23,1,1,61,230,96,10,13,0410,2230
영신여객,109,간선,우이동,광화문,18,15,1,2,28.16,122,111,7,10,0427,2320
대원여객,111,간선,민락동차고지,동대문,13,12,0,1,57.1,235,52,15,24,0410,2220
영신여객,120,간선,우이동,청량리,32,28,1,3,33.1,142,179,5,7,0425,2310
동아운수,121,간선,화계사,서울숲,27,23,2,2,33.679,150,138,6,10,0400,2230
삼양교통,130,간선,우이동,길동,43,39,4,2,48.7,175,204,4,10,0420,2250
한국brt자동차,140,간선,도봉산역광역환승센터,AT센터양재꽃시장,45,43,1,1,58.1,230,172,5,8,0400,2250
아진교통,141,간선,도봉산,염곡동,40,35,3,2,54.1,215,139,5,12,0400,2240
아진교통,142,간선,방배동,도봉산,40,35,3,2,59.4,225,139,5,12,0400,2245
대진여객,143,간선,정릉,개포동,53,48,2,3,64.8,250,204,4,8,0400,2210
삼양교통,144,간선,우이동,교대,39,36,1,2,48.79,205,165,4,12,0430,2250
한성운수,145,간선,번동,강남역,37,34,1,2,45.6,183,168,4,10,0400,2240
삼화상운,146,간선,상계주공7단지,강남역,12,10,1,1,57.2,231,40,1,12,0405,2300
흥안운수,146,간선,상계주공7단지,강남역,31,28,3,2,57.2,231,112,1,12,0405,2300
진아교통,147,간선,월계동,도곡동,39,36,2,1,52.82,235,146,7,9,0400,2210
한성운수,148,간선,번동,방배동,35,33,1,1,44.6,183,161,4,10,0400,2240
서울교통네트웍,150,간선,도봉산역,시흥대교,51,47,2,2,74.8,281,150,6,9,0357,2200
동아운수,151,간선,우이동,중앙대,34,32,1,1,47.32,200,144,6,11,0400,2250
동아운수,152,간선,화계사,삼막사사거리,51,47,2,2,64.43,260,141,4,11,0400,2200
동아운수,153,간선,우이동,당곡사거리,47,44,1,2,66.57,260,154,5,11,0400,2220
서울교통네트웍,160,간선,도봉산역,온수동종점,49,46,1,2,69.9,261,156,6,9,0357,2210
대진여객,162,간선,정릉,여의도,29,26,1,2,37.7,155,168,6,9,0400,2250
도원교통,171,간선,국민대앞,월드컵파크7단지,29,27,1,1,45.37,176,150,6,11,0400,2300
한성여객,172,간선,하계동,상암동,26,24,1,1,47,198,112,8,12,0400,2245
삼화상운,173,간선,월계동,신촌기차역,26,24,1,1,43.2,195,105,7,13,0400,2250
대원여객,201,간선,수택동차고지,서울역환승센터,19,17,1,1,51.7,210,77,13,18,0400,2400
태릉교통,202,간선,불암동,후암동,37,34,1,2,53.1,210,150,5,10,0400,2200
대원교통,240,간선,중랑공영차고지,신사역사거리,24,21,1,2,41.8,200,101,7,15,0400,2250
대원교통,241,간선,중랑공영차고지,논현역,29,26,3,1,51,219,120,7,12,0400,2230
대원교통,242,간선,중랑공영차고지,개포동,20,19,1,0,47,215,85,10,17,0420,2250
메트로버스,260,간선,중랑공영차고지,국회의사당,30,28,1,1,53.1,205,128,7,12,0355,2240
상진운수,261,간선,석관동(상진운수종점),여의도,35,32,1,2,52.7,220,134,6,10,0350,2230
메트로버스,262,간선,중랑공영차고지,여의도환승센타,5,5,0,0,55.3,245,19,6,10,0400,2200
북부운수,262,간선,중랑공영차고지,여의도환승센타,30,27,1,2,55.3,245,103,8,10,0400,2200
다모아자동차,270,간선,상암차고지,망우리(출),33,30,1,2,50.9,218,122,7,12,0400,2220
경성여객,271,간선,용마문화복지센터,월드컵파크7단지,46,44,1,1,52.99,236,172,6,7,0410,2220
북부운수,272,간선,면목동,남가좌동,41,38,1,2,46.5,195,190,4,7,0415,2230
메트로버스,273,간선,중랑공영차고지,홍대입구역,36,33,1,2,44,215,145,6,9,0410,2230
서울버스,301,간선,장지공영차고지,혜화동,44,41,1,2,48.15,210,174,5,9,0400,2230
동성교통,302,간선,상대원차고지,상왕십리역,27,25,1,1,55.46,201,100,9,15,0400,2245
동성교통,303,간선,상대원차고지,신설동역,41,39,1,1,54.59,175,156,6,11,0400,2220
남성버스,320,간선,송파차고지,중랑구청,24,22,1,1,39.5,150,132,7,9,0400,2300
대성운수,333,간선,송파공영차고지,올림픽공원,28,26,1,1,46.5,225,108,8,12,0400,2300
서울승합,340,간선,강동공영차고지,강남역,35,32,2,2,41.1,185,160,5,8,0430,2310
대원여객,341,간선,강동공영차고지,우면동,22,20,1,1,45.7,220,90,10,13,0430,2220
서울승합,342,간선,강동차고지,압구정로데오역,25,23,1,1,47,200,101,9,12,0400,2230
대성운수,343,간선,송파공영차고지,압구정역3번출구,18,16,1,1,40.7,172,76,10,16,0400,2240
대성운수,345,간선,송파공영차고지,구반포역,25,23,1,1,49,210,99,8,12,0400,2250
한서교통,350,간선,송파차고지,노들역앞,26,25,0,1,51.2,210,102,8,13,0400,2230
한국brt자동차,360,간선,송파차고지,여의도환승센터,51,48,2,1,55.7,235,192,5,7,0400,2250
남성버스,361,간선,송파공영차고지,여의도역,27,25,1,1,54.2,230,100,9,13,0400,2230
대원여객,370,간선,강동공영차고지,충정로역,32,30,1,1,48.7,165,161,1,6,0400,2250
송파상운,370,간선,강동공영차고지,충정로역,9,8,1,0,48.7,195,40,1,6,0400,2250
삼성여객,400,간선,염곡동,시청앞,23,21,1,1,48.92,205,90,8,16,0415,2225
서울버스,401,간선,장지공영차고지,서울역,26,23,1,2,52.68,215,97,8,13,0400,2230
진화운수,402,간선,장지공영차고지,광화문,39,36,1,2,56.7,225,136,6,12,0400,0005
삼성여객,405,간선,염곡동 ,시청광장,17,15,1,1,43.9,180,83,7,16,0410,2240
도선여객,406,간선,개포동,서울역,15,14,1,0,41.53,140,84,8,16,0420,2320
도선여객,420,간선,개포동,청량리,37,34,1,2,46.2,200,160,4,10,0410,2300
삼성여객,421,간선,염곡동차고지,옥수동,39,36,1,2,57.25,250,134,5,12,0400,2210
대성운수,440,간선,송파공영차고지,압구정동한양파출소앞,28,26,1,1,49,220,111,8,12,0355,2255
우신버스,441,간선,월암공영차고지,신사역,31,27,4,2,64.1,215,115,8,15,0420,2220
남성버스,452,간선,송파공영차고지,중앙대학교,34,31,1,2,62.74,250,115,8,12,0400,2330
진화운수,461,간선,장지공영차고지,여의도,39,34,2,3,62.7,267,110,8,15,0400,2300
대흥교통,463,간선,염곡동차고지,국회의사당,30,28,1,1,49.5,215,122,7,11,0400,2215
다모아자동차,470,간선,상암차고지,안골마을,33,30,1,2,58.28,222,124,7,12,0400,2230
도선여객,472,간선,개포동차고지,신촌로타리,34,31,1,2,39.65,165,180,4,10,0410,2320
군포교통,500,간선,석수역,을지로입구,15,13,2,0,43.8,185,65,7,10,0400,2300
서울교통네트웍,500,간선,석수역,을지로입구,18,16,1,1,43.8,185,77,7,10,0400,2300
한남여객,501,간선,서울대학교,종로2가,18,16,1,1,29.92,118,128,7,9,0430,2230
우신버스,502,간선,월암공영차고지,"한국은행,신세계앞",25,23,1,1,70.47,225,97,10,14,0410,2310
보영운수,503,간선,광명공영차고지,서울역,16,15,1,0,45,195,72,11,18,0415,2220
한성운수,504,간선,광명공영주차장,남대문,35,32,1,2,44.04,185,164,5,8,0355,2240
범일운수,505,간선,노온사동,서울역,29,25,2,2,57.4,195,113,8,12,0410,2230
한남여객,506,간선,신림2동차고지,을지로입구역광교,19,17,2,1,44.1,175,94,10,13,0430,2230
서울교통네트웍,507,간선,석수역,동대문역사문화공원,29,27,1,1,51.8,204,118,7,11,0400,2250
우신버스,540,간선,군포공영차고지,서울성모병원,28,26,1,1,52,180,138,7,25,0445,0005
우신버스,541,간선,군포공영차고지,강남역,20,17,3,1,56.7,185,92,10,25,0420,2340
대원여객,542,간선,부곡버스공영차고지,신사역,15,12,3,1,62.6,225,59,18,23,0420,2300
신인운수,571,간선,가산동,은평뉴타운공영차고지,28,25,3,1,57.68,240,100,7,15,0420,2230
서울교통네트웍,600,간선,온수동,광화문,27,25,1,1,38.1,143,158,7,9,0400,2330
다모아자동차,601,간선,개화동,혜화역,28,26,1,1,51.73,185,130,7,12,0400,2250
양천운수,602,간선,양천공영차고지,시청앞,27,24,2,1,39.47,165,129,6,10,0420,2240
중부운수,603,간선,신월동,시청,21,18,2,1,37.24,160,108,7,12,0430,2310
신길교통,604,간선,신월동기점,중구청앞,21,19,1,1,42.3,169,92,8,15,0400,2250
공항버스,605,간선,강서공영차고지.개화역,후암동,27,25,1,1,57.3,215,108,7,11,0400,2250
신길교통,606,간선,부천상동,조계사,22,20,1,1,62.9,220,78,9,18,0400,2230
중부운수,640,간선,신월동기점,강남역,21,20,1,0,39.834,180,110,3,13,0420,2250
중부운수,641,간선,문래동,양재동,35,32,1,2,41.59,190,160,3,9,0410,2240
관악교통,643,간선,양천차고지,강남역,28,26,0,2,45,184,126,6,10,0430,2240
영인운수,650,간선,외발산동,낙성대입구,26,24,1,1,42.48,190,114,6,12,0400,2240
김포교통,651,간선,방화동,관악구청,25,22,1,2,51.5,200,109,8,13,0400,2240
신길교통,652,간선,신월동기점,금천우체국독산1동주민센터,27,24,2,1,47.9,220,98,7,14,0400,2240
신길교통,653,간선,영인운수차고지,가산디지털단지역,5,5,0,0,27.92,110,36,10,20,0430,2320
영인운수,653,간선,영인운수차고지,가산디지털단지역,6,5,1,0,27.92,110,36,10,20,0430,2320
김포교통,654,간선,방화동,노들역,22,21,0,1,44.5,205,96,9,14,0400,2230
보성운수,660,간선,온수동종점,가양역,13,12,1,0,45.86,194,57,11,15,0400,2230
서울교통네트웍,660,간선,온수동종점,가양역,7,5,1,1,45.86,194,25,11,15,0400,2230
신길교통,661,간선,부천상동,신세계백화점,18,16,1,1,53.18,205,67,13,18,0400,2240
영인운수,662,간선,외발산동,여의나루역,17,15,1,1,37,150,93,8,15,0400,2310
김포교통,672,간선,방화동기점,이대후문,15,14,1,0,39,162,78,12,17,0430,2250
신길교통,673,간선,부천상동,이대부고,17,16,1,0,51,200,72,13,18,0430,2250
보광교통,674,간선,신월동기점,연세대,5,5,0,0,28,120,36,12,17,0420,2300
신길교통,674,간선,신월동기점,연세대,7,6,0,1,28,120,48,10,15,0420,2300
동해운수,700,간선,대화동,서울역,24,21,1,2,61.96,200,101,10,20,0430,0000
한국brt자동차,701,간선,진관차고지,종로2가삼일교,21,18,1,2,38.4,148,105,8,12,0400,2300
제일여객,704,간선,송추,서울역버스환승센터,18,17,0,1,54.3,160,84,9,15,0400,2230
신수교통,705,간선,은평뉴타운공영차고지,롯데백화점,14,12,1,1,38,144,75,13,18,0350,2320
한국brt자동차,708,간선,진관차고지,서울역,16,14,1,1,34,140,95,10,14,0430,2320
다모아자동차,710,간선,상암차고지,수유역강북구청,24,22,1,1,48.6,170,108,6,12,0350,2240
제일여객,720,간선,진관공영차고지,답십리,33,30,1,2,48.72,197,144,6,12,0400,2310
서부운수,721,간선,북가좌동,건대입구역,37,34,1,2,43.3,154,166,5,9,0420,2240
신촌교통,740,간선,덕은동종점,무역센터삼성역,31,25,3,3,48.6,189,128,6,12,0400,2240
한국brt자동차,741,간선,진관차고지,세곡동사거리,35,32,3,2,65.8,229,128,5,11,0400,2250
선진운수,742,간선,구산동,상도동,34,31,1,2,57.9,260,116,7,15,0400,2210
선진운수,752,간선,구산동,노량진,28,25,2,1,51.2,174,123,6,14,0415,2220
선진운수,753,간선,구산동,상도동,21,19,1,1,49.2,202,86,9,17,0410,2220
동해운수,760,간선,대화동종점,"영등포소방서,타임스퀘어",22,19,3,0,62.2,235,80,12,20,0430,2300
신수교통,761,간선,진관공영차고지,영등포역,22,19,2,1,39,165,104,8,14,0400,2320
동해운수,771,간선,대화동종점,디지털미디어시티역,12,10,1,1,53,185,52,20,25,0410,2330
제일여객,773,간선,교하운정,불광역,17,16,0,1,84,230,64,15,22,0430,0030
신수교통,774,간선,진관공영차고지,파주읍,19,18,1,0,74.2,210,74,12,25,0350,0000
대진여객,1014,지선,성북생태체험관,종로구민회관숭인동,12,11,1,0,12.6,70,143,7,10,0500,2340
한성여객,1017,지선,월계동,상왕십리,11,9,1,1,23.952,110,82,11,15,0430,2320
대진여객,1020,지선,정릉,교보문고,15,13,1,1,23.2,85,140,8,10,0430,2320
성원여객,1111,지선,번동,성북동,12,10,1,1,26.17,115,80,6,9,0420,2320
한성운수,1111,지선,번동,성북동,9,7,1,1,26.17,115,64,8,12,0420,2320
대진여객,1113,지선,정릉,월곡동,5,5,0,0,13.9,65,70,14,16,0510,2340
대진여객,1114,지선,성북생태체험관,길음역,4,4,0,0,8.3,40,80,12,20,0500,2350
동아운수,1115,지선,수유중학교혜화여고,미아삼거리역,4,4,0,0,11.68,60,64,12,20,0530,0000
한성운수,1115,지선,수유중학교혜화여고,미아삼거리역,1,1,0,0,11.68,60,16,10,20,0530,0000
대진여객,1116,지선,국민대학교,미아사거리,5,5,0,0,12,70,70,15,25,0500,2330
선일교통,1119,지선,강북청소년수련관,녹천역,21,19,1,1,20.731,100,167,6,8,0440,2335
한성여객,1120,지선,하계동,삼양동입구,14,13,1,0,31.79,152,75,12,18,0430,2300
상진운수,1122,지선,석관동(상진운수종점),원자력병원,18,17,1,0,19.4,86,165,6,8,0400,0010
한성운수,1124,지선,수유역,미아삼거리역,6,6,0,0,10.5,48,110,10,16,0500,0030
선일교통,1126,지선,강북청소년수련관,안방학동,20,17,1,2,18.913,90,170,6,8,0425,2350
아진교통,1127,지선,수유역,도봉산,9,7,1,1,20,90,70,11,14,0500,2310
아진교통,1128,지선,도봉산,kt월곡지사,14,13,1,0,29,130,96,10,13,0430,2250
삼화상운,1129,지선,상계8동,창동역,3,3,0,0,8.8,43,57,15,40,0500,2330
삼화상운,1130,지선,청백아파트1단지,석계역,5,4,0,1,7.9,37,84,8,15,0500,0010
한성여객,1131,지선,중계본동,석계역,1,1,0,0,15.83,73,12,13,23,0500,2350
흥안운수,1131,지선,중계본동,석계역,5,5,0,0,15.83,73,54,13,23,0500,2350
진아교통,1132,지선,월계동,노원역,17,16,1,1,19.6,77,161,5,11,0430,2340
삼화상운,1133,지선,염광고교,염광고교,7,7,0,0,12.9,59,96,10,20,0500,2340
진아교통,1135,지선,월계동,은행사거리,10,9,1,1,17.6,70,94,9,13,0430,2340
진아교통,1136,지선,월계동(E마트),원자력병원,6,5,1,0,10.8,55,85,11,17,0500,0000
삼화상운,1137,지선,상계동,미아사거리,18,16,1,1,24,123,117,8,12,0430,2310
흥안운수,1138,지선,상계4동,수유역,5,5,0,0,17.7,84,55,17,28,0430,2340
흥안운수,1139,지선,상계4동,방학2동주민센터,12,11,0,1,23.62,115,88,10,16,0430,2340
삼화상운,1140,지선,중계동,광운대,3,3,0,0,15.9,74,37,15,23,0500,0000
한성여객,1140,지선,중계동,광운대,2,2,0,0,15.9,74,25,15,23,0500,0000
한성여객,1141,지선,중계본동종점,석계역,1,1,0,0,15.5,73,12,12,22,0500,2350
흥안운수,1141,지선,중계본동종점,석계역,5,5,0,0,15.5,73,54,12,22,0500,2350
흥안운수,1142,지선,중계본동,창동역,13,10,2,1,10.1,55,176,5,10,0500,0000
한성여객,1143,지선,중계본동,수락리버시티,1,1,0,0,25.06,105,8,13,25,0500,2330
삼화상운,1143,지선,중계본동,수락리버시티,2,0,2,0,25.06,105,16,13,25,0500,2330
흥안운수,1143,지선,중계본동,수락리버시티,5,4,0,1,25.06,105,40,13,25,0500,2330
한성여객,1144,지선,하계동,우이동,10,8,1,1,19.89,105,80,10,18,0440,2340
한성여객,1154,지선,하계동,신곡동,12,10,1,1,27.64,106,87,10,18,0430,2320
태릉교통,1155,지선,청학리,석계역,14,12,1,1,31.1,95,120,7,11,0430,2250
태릉교통,1156,지선,퇴계원,석계역,9,8,1,0,23.14,87,88,9,20,0440,2310
대진여객,1162,지선,성북구민회관,보문역,2,2,0,0,8.31,42,36,7,12,0500,2340
성원여객,1162,지선,성북구민회관,보문역,5,5,0,0,8.31,42,81,7,12,0500,2340
성원여객,1164,지선,서경대본관,길음전철역,12,11,0,1,8.78,40,220,4,7,0500,2340
동아운수,1165,지선,화계사,미아사거리역,18,16,1,1,21.3,110,128,6,10,0430,2330
삼양교통,1165,지선,화계사,미아사거리역,4,3,1,0,21.3,110,24,6,10,0430,2330
영신여객,1167,지선,우이동,은행사거리(11414),9,8,1,1,18.922,80,88,13,16,0445,2330
경성여객,1213,지선,용마문화복지센터,국민대학교,11,8,1,2,27.98,125,58,8,15,0440,2240
도원교통,1213,지선,용마문화복지센터,국민대학교,11,8,1,2,27.98,125,58,8,15,0440,2240
한성운수,1218,지선,수유역,답십리,18,17,0,1,33,142,110,8,14,0410,2250
흥안운수,1221,지선,중계동,서울의료원,5,5,0,0,15.64,63,62,14,27,0430,2330
진아교통,1222,지선,월계동,고대앞,11,9,1,1,18.6,72,99,9,12,0400,2310
삼화상운,1224,지선,상계4동,청량리,8,7,0,1,31.4,140,42,5,10,0430,2320
흥안운수,1224,지선,상계4동,청량리,16,14,2,0,31.4,140,90,5,10,0430,2320
흥안운수,1226,지선,월곡중학교,경동시장,2,1,1,0,8.72,44,42,22,50,0430,2240
한성여객,1227,지선,하계동,제기동,14,12,1,1,26.9,114,100,8,13,0430,2320
도원교통,1711,지선,국민대,공덕동,24,23,0,1,29.93,122,174,4,8,0430,2300
상진운수,2012,지선,중랑공영차고지,동대문역사문화공원,19,16,1,2,38.03,165,88,9,13,0400,2240
경성여객,2013,지선,용마문화복지센터,성동공업고등학교앞,11,10,1,0,21.2,110,88,11,15,0420,2250
태진운수,2014,지선,성수동차고지,동대문역사문화공원,14,13,1,0,22.7,112,98,10,14,0420,2330
대원교통,2015,지선,중랑공영차고지,동대문운동장,27,24,1,2,29.81,153,150,6,10,0430,2310
대원교통,2016,지선,중랑공영차고지,이촌2동,24,19,5,1,54.3,220,97,8,13,0410,2230
북부운수,2112,지선,면목동,성북동,15,14,0,1,36.51,170,74,12,17,0430,2240
보광운수,2113,지선,중랑공영차고지,석계역,13,12,0,1,19.09,100,120,7,13,0530,2330
보광운수,2114,지선,중랑공영차고지,태릉시장,13,12,0,1,27,120,102,9,12,0530,2330
상진운수,2115,지선,중랑공영차고지,서경대입구,10,9,1,0,36.726,170,50,6,10,0400,2240
성원여객,2115,지선,중랑공영차고지,서경대입구,16,14,1,1,36.726,170,77,6,10,0400,2250
북부운수,2211,지선,면목동,회기역,18,17,1,0,16.8,82,187,5,7,0440,2325
신흥운수,2221,지선,자양동,신설동,20,17,1,2,24.4,106,131,6,13,0430,2315
신흥운수,2222,지선,자양동,고대앞,14,12,1,1,20.1,94,103,7,16,0430,2330
태진운수,2224,지선,성수동,강변역,11,10,1,0,17.3,93,90,11,16,0410,2315
메트로버스,2227,지선,중랑공영차고지,중곡역,21,16,4,1,25.8,170,105,9,12,0420,2240
북부운수,2230,지선,면목동,경동시장,19,17,1,1,28.1,150,114,8,10,0420,2300
북부운수,2233,지선,면목동,옥수동,18,16,1,1,42.71,192,76,12,17,0430,2240
보광운수,2234,지선,중랑공영차고지,봉화산역,7,7,0,0,15.6,65,88,10,15,0530,2330
보광운수,2235,지선,중랑공영차고지,신이문역,8,8,0,0,18.6,80,93,9,14,0530,2330
북부운수,2311,지선,중랑공영차고지,문정동,23,21,1,1,45.5,220,94,11,13,0400,2230
태진운수,2412,지선,성수동,세곡동사거리,15,13,1,1,34,133,94,10,15,0400,2240
태진운수,2413,지선,성수동,개포동,11,9,1,1,26.3,115,72,10,16,0410,2310
신흥운수,2415,지선,자양동,대치동,20,18,1,1,25.2,112,133,6,16,0430,2320
대원여객,2416,지선,중랑공영차고지,삼성역,15,13,1,1,35.7,175,74,13,16,0430,2240
서울버스,3011,지선,장지공영차고지,한남동,13,12,1,0,43.16,180,58,10,13,0420,2250
진화운수,3011,지선,장지공영차고지,한남동,10,9,1,0,43.16,180,43,7,13,0420,2250
서울승합,3212,지선,강동차고지,강변역,11,9,1,1,26.5,110,76,12,15,0430,2330
송파상운,3214,지선,마천동,강변역,11,10,0,1,27.2,110,90,11,14,0440,2320
신흥운수,3216,지선,오금동,경희대입구,22,19,1,2,38.1,165,95,9,15,0430,2240
한서교통,3217,지선,송파차고지,어린이대공원,26,24,1,1,42.6,180,123,7,11,0400,2245
신흥운수,3220,지선,오금동,청량리,19,17,1,1,37.38,160,93,9,16,0430,2240
대성운수,3313,지선,송파공영차고지,잠실새내역,8,7,0,1,21,115,56,7,12,0425,2325
한서교통,3313,지선,송파공영차고지,잠실새내역,10,8,1,1,21,115,68,7,12,0425,2325
송파상운,3314,지선,장지동공영차고지,종합운동장,17,16,0,1,29.4,125,120,8,10,0440,2320
송파상운,3315,지선,장지동공영차고지,삼전동사회복지관,23,22,0,1,27.4,125,165,5,8,0430,2320
송파상운,3316,지선,마천동,천호역,10,9,1,0,18.7,66,106,9,12,0450,2330
송파상운,3317,지선,남한산성입구,잠실리센츠아파트앞,11,9,2,1,18.4,80,120,8,11,0430,2330
서울승합,3318,지선,강동공영차고지,마천동,10,9,1,0,44,190,50,11,14,0430,2310
송파상운,3318,지선,강동공영차고지,마천동,8,7,0,1,44,190,35,12,16,0430,2310
진화운수,3319,지선,장지공영차고지,잠실역7번출구,10,10,0,0,23.4,110,80,13,17,0430,2330
서울승합,3321,지선,강동공영차고지,강동구청,8,8,0,0,23,105,67,12,15,0430,2340
송파상운,3321,지선,강동공영차고지,강동구청,2,2,0,0,23,110,17,11,15,0430,2340
한서교통,3322,지선,송파차고지,잠실종합운동장,19,17,1,1,27.3,120,123,7,12,0400,2320
대원여객,3323,지선,강동차고지,중앙보훈병원역,8,8,0,0,19.2,90,80,12,16,0430,2340
서울승합,3411,지선,강동차고지,삼성역,18,16,1,1,34.6,160,102,9,12,0430,2320
서울승합,3412,지선,강동차고지,강남역,22,20,1,1,50.8,210,86,10,14,0400,2230
서울승합,3413,지선,강동공영차고지,수서경찰서,27,24,2,2,43.3,190,122,7,10,0420,2300
신흥운수,3414,지선,오금동,고속터미널,18,16,0,2,33.3,160,87,9,15,0430,2300
송파상운,3416,지선,마천동,은곡마을입구.리엔파크2단지,10,10,0,0,23,100,98,10,13,0440,2330
진화운수,3417,지선,장지공영차고지,삼성역,24,21,2,2,24.6,110,164,5,8,0430,2330
남성버스,3420,지선,복정역환승주차장,구반포역,16,14,1,1,48.5,210,62,9,12,0400,2230
동성교통,3420,지선,복정역환승주차장,구반포역,8,7,0,1,48.5,210,31,9,12,0400,2230
한서교통,3420,지선,복정역환승주차장,구반포역,3,2,1,0,48.5,210,9,9,12,0400,2230
진화운수,3422,지선,장지공영차고지,강남역,17,16,1,0,39.83,185,76,10,16,0420,2230
서울버스,3426,지선,서울버스종점,청담동,21,19,1,1,36.94,151,114,7,13,0420,2300
대흥교통,4211,지선,염곡동차고지,한양대동문앞,16,14,1,1,32.5,150,90,10,14,0355,2300
우신운수,4212,지선,전원마을,중곡역,30,27,1,2,35.18,160,156,5,12,0400,2300
도선여객,4312,지선,개포동,가락1동주민센터,29,26,1,2,43,210,120,7,10,0430,2250
우신운수,4319,지선,전원마을,잠실역,19,17,1,1,33.3,160,96,8,17,0420,2300
동성교통,4425,지선,상대원차고지,삼성역,19,17,1,1,48,200,71,10,20,0400,2230
도선여객,4432,지선,개포동,신원동,14,13,1,0,25.06,99,124,7,12,0400,2320
정평운수,4433,지선,대치역,양재역,8,7,0,1,12.2,60,119,7,10,0540,2330
도선여객,4435,지선,개포동차고지,사당역,10,9,1,0,29.2,110,74,13,16,0420,2330
신인운수,5012,지선,가산동,용산역,23,20,2,1,45,185,92,8,19,0420,2230
범일운수,5413,지선,시흥,고속터미널,27,25,1,1,36.13,142,150,5,9,0420,2310
한남여객,5511,지선,서울대학교,중앙대학교,16,14,1,1,25.1,115,112,8,11,0530,2330
한남여객,5513,지선,서울대학교,관악드림타운,9,8,1,0,15.16,65,112,8,14,0530,2330
관악교통,5515,지선,금호타운아파트,청림동현대아파트,5,5,0,0,10.87,60,67,5,8,0530,2330
한남여객,5515,지선,금호타운아파트,청림동현대아파트,9,8,1,0,10.87,60,111,5,10,0530,2330
한남여객,5516,지선,신림2동차고지,노량진역,18,17,0,1,30.56,130,124,7,9,0500,2300
한남여객,5517,지선,한남운수대학동차고지,중앙대학교,16,15,0,1,37.28,155,84,12,13,0430,2230
관악교통,5519,지선,우방아파트,용천사,6,6,0,0,9.1,60,82,10,17,0600,2325
보성운수,5523,지선,서울대입구역,난곡종점,10,8,1,1,12.2,60,112,7,16,0430,2320
양천운수,5524,지선,난향차고지,중앙대학교,29,26,1,2,34.9,165,130,7,10,0400,2230
범일운수,5525,지선,시흥동,보라매공원,7,6,1,0,15.75,70,66,14,19,0450,2320
신인운수,5528,지선,가산동,사당역,21,19,1,1,36.73,165,107,7,15,0430,2250
우신버스,5530,지선,군포공영차고지,사당역,29,26,2,1,58,220,109,8,15,0440,2230
군포교통,5531,지선,군포공영차고지,노들역,42,38,2,2,52,213,171,6,10,0420,2300
한성운수,5535,지선,하안동,노량진,20,19,1,1,33.4,142,110,7,15,0430,2250
한성운수,5536,지선,하안동,노량진,22,20,1,1,25.1,125,150,6,13,0430,2310
범일운수,5537,지선,시흥동,가산디지털단지역,6,6,0,0,11.1,49,83,12,18,0430,2330
보성운수,5615,지선,여의도,난곡,19,17,1,1,27.5,120,121,8,10,0410,2300
한남여객,5616,지선,가산동기점,영동중학교,19,17,1,1,45.4,196,73,13,15,0420,2220
범일운수,5617,지선,시흥,구로디지털단지역,8,7,0,1,10.53,41,112,7,11,0450,2350
보성운수,5618,지선,구로동,구로동,23,21,1,1,34.3,160,116,7,12,0330,2210
범일운수,5619,지선,시흥동,신도림역,13,11,1,1,18.77,84,105,8,12,0430,2330
범일운수,5620,지선,시흥,선유도역,21,19,1,1,27.67,119,133,7,9,0430,2310
범일운수,5621,지선,삼익아파트,구로디지털단지역,8,8,0,0,6.45,30,150,6,9,0520,2350
군포교통,5623,지선,군포공영차고지,여의도,38,34,2,2,56,222,132,7,10,0400,2240
서울매일버스,5625,지선,안양비산동,영등포역(영등포시장),20,17,2,1,42,175,93,8,17,0400,2240
서울매일버스,5626,지선,안양비산동,온수동종점,27,24,2,1,49.19,201,115,7,14,0405,2230
범일운수,5627,지선,노온사동,구로디지털단지역,11,10,1,0,35.91,124,72,14,18,0430,2330
보영운수,5630,지선,광명공영차고지,목동역,14,12,1,1,28.42,140,78,12,18,0415,2250
범일운수,5633,지선,노온사동,순복음교회,21,19,1,1,55.82,193,84,11,14,0420,2250
보영운수,5634,지선,광명공영차고지,여의도,15,13,1,1,28.47,135,91,10,17,0415,2250
한남여객,5712,지선,가산동기점,홍대입구역,27,25,1,1,43.5,190,125,7,10,0430,2230
서울매일버스,5713,지선,안양비산동,신촌기차역,27,24,2,1,52,219,106,8,17,0400,2220
보영운수,5714,지선,광명공영차고지,이대입구,34,31,1,2,41.53,205,138,5,13,0415,2210
중부운수,6211,지선,신월동,상왕십리,24,22,1,1,52.68,230,95,8,14,0420,2240
태진운수,6411,지선,구로동,개포동,28,25,1,2,52.9,226,100,8,13,0400,2230
태진운수,6511,지선,구로동,서울대,11,9,1,1,24.7,120,70,13,19,0410,2310
보성운수,6512,지선,구로동,서울대,24,22,1,1,37.42,170,121,6,13,0350,2230
세풍운수,6513,지선,철산동,서울대,20,19,0,1,37.38,165,105,9,15,0430,2230
도원교통,6514,지선,양천공영차고지,서울대학교,27,25,1,1,50.9,230,99,8,13,0400,2200
관악교통,6515,지선,양천공영차고지,경인교육대학교,33,30,1,2,54,219,119,7,10,0410,2210
양천운수,6516,지선,양천공영차고지,박미삼거리,20,19,1,0,50,235,73,12,22,0400,2140
태진운수,6611,지선,신도림역,우성아파트,5,5,0,0,11,53,71,10,23,0430,2330
세풍운수,6613,지선,양천공영차고지,대림역,10,9,1,0,31.06,120,70,13,18,0430,2250
세풍운수,6614,지선,양천공영차고지,부천옥길지구,15,14,1,0,35.5,135,84,11,18,0430,2240
세풍운수,6615,지선,양천공영차고지,천왕역,7,6,1,0,18.2,80,77,13,20,0430,2310
세풍운수,6616,지선,철산동,온수동,14,13,1,0,27.19,122,104,11,14,0430,2310
도원교통,6617,지선,양천공영차고지,목동우성아파트,10,9,1,0,19,87,94,10,13,0500,2330
도원교통,6620,지선,양천공영차고지,당산역,9,8,0,1,25.12,108,70,13,16,0500,2330
양천운수,6623,지선,양천공영차고지,여의도,14,12,0,2,31.9,135,84,10,15,0410,2300
중부운수,6624,지선,신월동,이대목동병원,18,16,1,1,24.12,125,124,6,12,0500,2340
중부운수,6625,지선,문래동,화곡역,13,12,1,0,29.5,140,84,9,18,0430,2300
양천운수,6627,지선,양천공영차고지,이대목동병원,13,12,1,0,28.34,130,84,11,16,0430,2300
영인운수,6628,지선,외발산동,여의도,25,23,1,1,27.1,125,166,5,11,0410,2320
김포교통,6629,지선,방화동,영등포역,24,22,1,1,43,195,110,8,13,0430,2310
영인운수,6630,지선,영인운수차고지,영등포시장,15,12,2,1,36.72,178,64,10,20,0420,2250
공항버스,6631,지선,강서공영차고지.개화역,영등포시장,26,24,1,1,38.2,160,137,7,10,0420,2350
공항버스,6632,지선,강서공영차고지.개화역,당산역,17,16,0,1,34.96,140,112,7,11,0430,2300
한성운수,6635,지선,광명 하안동,구로공단역,8,7,1,0,15,70,91,9,14,0430,2340
범일운수,6637,지선,노온사동,목동,31,27,2,2,37.05,145,162,5,8,0430,2310
세풍운수,6638,지선,철산동,오목교,11,9,1,1,25.64,105,72,9,13,0430,2300
정평운수,6642,지선,강서공영차고지.개화역,가양3동도시개발9단지아파트,13,13,0,0,30.6,144,94,10,12,0440,2230
정평운수,6645,지선,강서공영차고지.개화역,강서공영차고지.개화역,13,13,0,0,27,144,94,11,17,0440,2230
정평운수,6647,지선,강서공영차고지.개화역,강서공영차고지.개화역,13,12,0,1,23.2,100,120,8,13,0500,2300
김포교통,6648,지선,방화동,양천구청,14,13,0,1,29,158,76,12,17,0430,2300
신흥운수,6649,지선,신도림역,오목교역청학스포츠타운,4,4,0,0,8.7,50,67,12,16,0550,2350
신흥운수,6654,지선,신풍역,여의도역,7,7,0,0,14.7,85,85,10,16,0450,2320
도원교통,6657,지선,양천공영차고지,강서한강자이아파트,6,6,0,0,19.09,97,54,16,22,0500,2300
김포교통,6712,지선,방화동,서강대학교,17,15,1,1,43.2,158,90,10,15,0430,2240
양천운수,6714,지선,양천공영차고지,이대부고,11,10,1,0,33.8,130,70,13,20,0430,2300
중부운수,6715,지선,신월동,상암동,21,17,2,2,30.4,135,131,6,11,0440,2330
세풍운수,6716,지선,양천공영차고지,이대입구,27,22,1,4,48.12,180,110,9,11,0430,2220
유성운수,7011,지선,은평차고지,중구청,21,19,1,1,35.8,160,108,7,14,0430,2310
유성운수,7016,지선,은평차고지,상명대,33,30,1,2,50,195,136,5,10,0430,2230
보광교통,7017,지선,은평차고지,롯데백화점,23,21,1,1,36.6,165,119,7,11,0430,2300
서부운수,7018,지선,북가좌동,무교동,18,16,1,1,26.4,115,120,6,12,0415,2300
현대교통,7019,지선,은평차고지,서소문,27,23,2,2,39,155,143,5,12,0430,2255
보광교통,7021,지선,은평차고지,을지로입구,23,20,2,1,33.69,155,124,7,11,0430,2300
선진운수,7022,지선,구산동,서울역,19,17,1,1,30.8,124,127,7,11,0430,2310
원버스,7024,지선,봉원사,서울역,5,5,0,0,13.61,75,67,13,22,0530,2310
선진운수,7025,지선,은평차고지,종로6가,17,15,1,1,32.97,138,108,9,19,0420,2320
제일여객,7211,지선,진관공영차고지,신설동,23,21,2,1,48.8,175,107,7,15,0410,2300
신수교통,7211,지선,진관공영차고지,신설동,10,8,1,1,48.8,175,42,7,15,0410,2300
선진운수,7212,지선,은평차고지,극동그린아파트앞,27,25,1,1,59.12,210,96,8,16,0400,2150
현대교통,7611,지선,은평차고지,여의도,18,16,1,1,39.04,152,100,8,14,0410,2240
현대교통,7612,지선,홍연2교,영등포구청역,19,17,1,1,19.97,91,180,5,10,0433,2340
선진운수,7613,지선,구산동,여의도,16,14,1,1,34.5,160,83,11,20,0430,2300
신촌교통,7711,지선,덕은동종점,홍대입구역,10,8,2,0,13.3,68,113,8,10,0430,2400
현대교통,7713,지선,홍연2교,홍연2교,14,13,1,0,24.2,113,100,10,14,0500,2330
선진운수,7715,지선,은평차고지,연신내역,13,12,1,0,26.4,101,116,8,12,0430,2330
서부운수,7719,지선,북가좌동,녹번동,4,3,1,0,13.3,55,45,20,30,0420,2300
선진운수,7720,지선,구산동,신촌,16,15,0,1,27.76,109,116,7,15,0430,2310
신수교통,7722,지선,진관공영차고지,녹번역,11,9,1,1,19.28,88,88,9,16,0430,2350
신수교통,7723,지선,진관공영차고지,구파발역,8,7,1,0,17.3,65,98,10,14,0430,0000
신촌교통,7726,지선,덕은동종점,모래내삼거리,6,5,1,0,24,83,58,18,20,0500,2400
신촌교통,7727,지선,설문동,신촌,22,20,1,1,60.96,200,94,9,14,0430,2250
동해운수,7728,지선,대화동,신촌,24,20,3,1,58.3,210,90,10,13,0400,2210
보광교통,7730,지선,은평차고지,이북오도청,18,17,0,1,30.6,140,119,8,10,0430,2300
신수교통,7734,지선,진관공영차고지,홍대입구역,22,20,1,1,32.5,155,115,8,12,0400,2300
원버스,7737,지선,은평공영차고지,파크빌아파트,14,13,0,1,27.33,135,100,8,16,0505,2340
원버스,7738,지선,은평공영차고지,홍제역,13,12,0,1,19.39,85,127,7,10,0500,2320
원버스,7739,지선,은평공영차고지,서교가든,8,8,0,0,17.47,75,78,12,15,0500,2320
대진여객,8002,맞춤,상명대앞,경복궁역,0,0,0,0,7.5,35,0,0,0,0000,0000
대진여객,8003,맞춤,평창동주민센터,평창동주민센터,2,2,0,0,6.7,40,44,20,40,0600,2300
삼양교통,8112,맞춤,장위뉴타운,성신여대입구,1,1,0,0,11.36,55,2,12,14,0700,0900
아진교통,8112,맞춤,장위뉴타운,성신여대입구,1,1,0,0,11.36,55,2,12,14,0700,0900
진아교통,8112,맞춤,장위뉴타운,성신여대입구,1,1,0,0,11.36,55,2,12,14,0712,0818
한성여객,8112,맞춤,장위뉴타운,성신여대입구,2,2,0,0,11.36,55,4,12,14,0700,0900
북부운수,8221,맞춤,장안2동주민센터,답십리역,1,1,0,0,11.1,50,3,8,13,0640,0840
상진운수,8221,맞춤,장안2동주민센터,답십리역,1,1,0,0,11.1,50,3,8,13,0640,0840
태릉교통,8221,맞춤,장안2동주민센터,답십리역,2,2,0,0,11.1,50,5,8,13,0640,0840
한성운수,8221,맞춤,장안2동주민센터,답십리역,1,1,0,0,11.1,50,2,8,13,0640,0840
신흥운수,8331,맞춤,마천사거리,잠실역,2,2,0,0,12.1,55,6,9,12,0720,0920
진화운수,8331,맞춤,마천사거리,잠실역,3,3,0,0,12.1,55,6,9,12,0720,0920
진화운수,8441,맞춤,"은곡마을,LH이편한세상",수서역5번출구,1,1,0,0,9.5,43,3,10,13,0640,0840
태진운수,8441,맞춤,"은곡마을,LH이편한세상",수서역5번출구,3,3,0,0,9.5,43,8,11,15,0640,0840
관악교통,8541,맞춤,호압사,강남역,3,0,3,0,28.86,120,3,10,20,0400,0440
범일운수,8551,맞춤,봉천역,노량진역,2,2,0,0,14.5,60,4,12,15,0650,0850
한남여객,8551,맞춤,봉천역,노량진역,1,1,0,0,14.5,60,2,10,12,0650,0850
한성운수,8551,맞춤,봉천역,노량진역,2,2,0,0,14.5,60,4,12,15,0650,0850
보성운수,8552,맞춤,신림복지관앞,신림역신림사거리,2,2,0,0,7.6,28,6,9,11,0700,0900
보영운수,8552,맞춤,신림복지관앞,신림역신림사거리,2,2,0,0,7.6,28,6,9,11,0700,0900
서부운수,8761,맞춤,신촌로터리,국회의사당,1,1,0,0,8.5,35,6,9,12,0700,1930
신촌교통,8761,맞춤,신촌로터리,국회의사당,1,1,0,0,8.5,35,6,9,12,0700,1930
유성운수,8761,맞춤,신촌로터리,국회의사당,2,2,0,0,8.5,35,12,9,12,0700,1930
선진운수,8771,맞춤,"구산중,구산교회",녹번역,4,4,0,0,7.7,40,12,10,11,0700,0900
제일여객,8772,맞춤,진관공영차고지,북한산성입구,0,0,0,0,13.24,35,0,0,0,-   ,-   
선진운수,8774,맞춤,구산동,서대문구청,5,4,0,1,18.7,105,36,20,25,0500,2120
신촌교통,8777,맞춤,난지캠핑장,월드컵경기장남측,0,0,0,0,10.5,0,0,0,0,0000,0000
남성버스,9401,광역,구미동차고지,서울역,14,13,1,1,72.36,153,75,3,5,0430,2300
동성교통,9401,광역,구미동차고지,서울역,34,31,3,2,72.36,153,192,3,5,0430,2300
동성교통,9403,광역,구미동차고지,동대문역사문화공원,21,19,1,1,74.05,207,74,10,15,0500,2400
남성버스,9404,광역,분당구미,신사역,28,25,3,1,56,110,171,6,8,0400,2330
남성버스,9408,광역,분당구 구미동,영등포,24,22,2,1,83.63,230,84,10,18,0400,2230
동성교통,9409,광역,구미동차고지,신사역,12,11,1,0,61,205,44,20,30,0500,2300
선진운수,9701,광역,고양시 가좌동,롯데영프라자,22,20,1,1,78.75,240,82,7,23,0500,2350
서울매일버스,9703,광역,신성교통차고지,서울역,14,12,1,1,68,200,54,15,25,0500,2300
선진운수,9707,광역,고양 가좌동,영등포역,29,25,3,1,65.8,155,146,4,10,0500,0100
서울매일버스,9711,광역,일산동부경찰서,양재동,24,22,1,1,90.5,230,84,9,18,0450,2330
제일여객,9714,광역,교하 운정,서울역,7,6,1,0,74.98,190,30,25,40,0500,0100
보광교통,0017,지선,청암동,이촌동,9,7,1,1,12.2,60,105,8,12,0515,2330
대원여객,0411,지선,용산차고지,AT센터,21,19,1,1,44.3,220,84,11,15,0420,2230
대진여객,110A,간선,정릉,정릉,22,20,1,1,36.9,150,126,8,12,0400,2240
대진여객,110B,간선,정릉,정릉,23,21,1,1,36.8,150,132,8,10,0405,2245
대원여객,2312A,지선,중랑차고지,강동차고지,7,6,0,1,46,180,24,13,19,0430,2240
북부운수,2312A,지선,중랑차고지,강동차고지,9,8,0,1,46,180,40,11,15,0420,2230
대원여객,2312B,지선,강동차고지,중랑차고지,3,2,1,0,46,180,38,11,15,0430,2220
우신운수,4318방배,지선,동아한가람아파트,전원마을,31,27,1,1,51.6,210,124,6,10,0400,2230
우신운수,4318풍납,지선,동아한가람아파트,남태령역,6,5,1,0,51.6,210,23,15,20,0420,2230
보성운수,5522A,지선,난곡,난곡,13,11,1,1,20,100,105,7,15,0500,2330
보성운수,5522B,지선,난곡,난곡,7,7,0,0,20,100,63,8,12,0500,2330
한남여객,5522B,지선,난곡,난곡,3,3,0,0,20,100,27,10,15,0500,2330
세풍운수,6640A,지선,양천공영차고지,양천공영차고지,9,8,1,0,20.48,95,90,12,16,0430,2310
세풍운수,6640B,지선,양천공영차고지,양천공영차고지,10,8,2,0,20.77,95,90,12,16,0430,2310
유성운수,7013A,지선,은평차고지,남대문시장,9,8,1,0,37.6,155,45,15,30,0430,2300
유성운수,7013B,지선,은평차고지,남대문시장,9,8,1,0,37.7,155,45,15,30,0445,2310
선진운수,702A,간선,서오릉,종로1가,26,24,1,1,30.64,110,176,5,10,0400,2300
선진운수,702B,간선,용두초교,종로1가,16,14,1,1,31.52,123,102,9,18,0405,2250
신촌교통,750A,간선,덕은동종점,서울대학교,17,16,1,0,46.93,170,82,5,14,0400,2310
유성운수,750B,간선,은평차고지,서울대학교,17,15,1,1,44,150,84,4,10,0400,2310
흥안운수,N13상계,심야,상계주공7단지,송파공영차고지,4,4,0,0,75,240,4,25,30,0000,0325
한국brt자동차,N13송파,심야,송파공영차고지,상계주공7단지,4,4,0,0,75,240,4,25,30,0000,0120
우신운수,N15사당,심야,남태령역,우이동,4,4,0,0,74.4,240,4,25,35,2400,0130
동아운수,N15우이,심야,우이동성원아파트,전원마을,4,4,0,0,76,250,4,25,35,2400,0130
서울교통네트웍,N16도봉,심야,도봉차고지,온수동차고지,4,4,0,0,76.1,240,4,25,30,0010,0130
양천운수,N16온수,심야,온수동차고지,도봉산공영차고지,4,4,0,0,76.1,240,4,25,30,0020,0140
다모아자동차,N26강서,심야,강서공영차고지,중랑공영차고지,4,4,0,0,72.9,240,4,25,30,0000,0130
메트로버스,N26중랑,심야,중랑공영차고지,강서공영차고지,4,4,0,0,72.9,240,4,25,35,0000,0130
서울승합,N30,심야,강동공영차고지,서울역환승센터,4,4,0,0,47.5,145,8,35,40,2310,0350
한국brt자동차,N32,심야,송파공영차고지,신설동역,4,2,2,0,42,145,7,40,40,2330,0330
대원여객,N34,심야,강동공영차고지,신사역,4,4,0,0,39.2,160,7,35,60,2320,0340
한국brt자동차,N37송파,심야,송파공영차고지,진관공영차고지,4,4,0,0,73.5,220,4,25,25,0000,0115
제일여객,N37진관,심야,진관공영차고지,송파공영차고지,4,4,0,0,73.371,220,4,25,40,0000,0115
범일운수,N51시흥,심야,범일운수종점,한성여객종점,4,4,0,0,77.4,240,4,30,30,2350,0120
한성여객,N51하계,심야,하계동차고지,시흥동차고지,4,3,1,0,77.4,240,4,30,30,2350,0120
삼화상운,N61상계,심야,상계주공7단지,양천공영차고지,6,6,0,0,88.6,280,6,15,30,2340,0410
관악교통,N61양천,심야,양천공영차고지,상계주공7단지,6,6,0,0,88.6,280,6,15,30,2340,0410
경성여객,N62면목,심야,면목동차고지,양천공영차고지,5,5,0,0,72.3,240,5,15,30,2340,0110
도원교통,N62양천,심야,양천공영차고지,면목동차고지,5,5,0,0,72.3,240,5,15,30,2340,0110
공항버스,N64강서,심야,강서공영차고지.개화역,염곡동구룡사,4,4,0,0,70,230,4,20,40,0000,0120
삼성여객,N64염곡,심야,염곡동구룡사,강서공영차고지.개화역,4,4,0,0,70,230,4,20,40,0000,0120
다모아자동차,N72,심야,은평공영차고지,신설동역,1,1,0,0,44.1,140,2,40,40,2310,0350
보광교통,N72,심야,은평공영차고지,신설동역,3,3,0,0,44.1,170,4,40,50,2330,0320
한남여객,N75신림,심야,신림2동차고지,은평뉴타운공영차고지,4,3,1,0,85.9,260,4,30,40,2330,0110
제일여객,N75진관,심야,은평뉴타운공영차고지,신림2동차고지,4,4,0,0,85.9,260,4,30,40,2330,0110
